0: x, 1: y, 2: v_x, 3: v_y, 4: mass, 5: fraction, 6: N, 7-_:n_1,...,n_N
100
0) 80 , 100 ,0,0,1,0.2,2# 1 , 2
1) 80 , 101 ,0,0,1,0.2,2# 2 , 3
2) 80 , 102 ,0,0,1,0.2,2# 3 , 4
3) 80 , 103 ,0,0,1,0.2,2# 4 , 5
4) 80 , 104 ,0,0,1,0.2,2# 5 , 6
5) 80 , 105 ,0,0,1,0.2,2# 6 , 7
6) 80 , 106 ,0,0,1,0.2,2# 7 , 8
7) 80 , 107 ,0,0,1,0.2,2# 8 , 9
8) 80 , 108 ,0,0,1,0.2,2# 9 , 10
9) 80 , 109 ,0,0,1,0.2,2# 10 , 11
10) 80 , 110 ,0,0,1,0.2,2# 11 , 12
11) 80 , 111 ,0,0,1,0.2,2# 12 , 13
12) 80 , 112 ,0,0,1,0.2,2# 13 , 14
13) 80 , 113 ,0,0,1,0.2,2# 14 , 15
14) 80 , 114 ,0,0,1,0.2,2# 15 , 16
15) 80 , 115 ,0,0,1,0.2,2# 16 , 17
16) 80 , 116 ,0,0,1,0.2,2# 17 , 18
17) 80 , 117 ,0,0,1,0.2,2# 18 , 19
18) 80 , 118 ,0,0,1,0.2,2# 19 , 20
19) 80 , 119 ,0,0,1,0.2,2# 20 , 21
20) 80 , 120 ,0,0,1,0.2,2# 21 , 22
21) 80 , 121 ,0,0,1,0.2,2# 22 , 23
22) 80 , 122 ,0,0,1,0.2,2# 23 , 24
23) 80 , 123 ,0,0,1,0.2,2# 24 , 25
24) 80 , 124 ,0,0,1,0.2,2# 25 , 26
25) 80 , 125 ,0,0,1,0.2,2# 26 , 27
26) 80 , 126 ,0,0,1,0.2,2# 27 , 28
27) 80 , 127 ,0,0,1,0.2,2# 28 , 29
28) 80 , 128 ,0,0,1,0.2,2# 29 , 30
29) 80 , 129 ,0,0,1,0.2,2# 30 , 31
30) 80 , 130 ,0,0,1,0.2,2# 31 , 32
31) 80 , 131 ,0,0,1,0.2,2# 32 , 33
32) 80 , 132 ,0,0,1,0.2,2# 33 , 34
33) 80 , 133 ,0,0,1,0.2,2# 34 , 35
34) 80 , 134 ,0,0,1,0.2,2# 35 , 36
35) 80 , 135 ,0,0,1,0.2,2# 36 , 37
36) 80 , 136 ,0,0,1,0.2,2# 37 , 38
37) 80 , 137 ,0,0,1,0.2,2# 38 , 39
38) 80 , 138 ,0,0,1,0.2,2# 39 , 40
39) 80 , 139 ,0,0,1,0.2,2# 40 , 41
40) 80 , 140 ,0,0,1,0.2,2# 41 , 42
41) 80 , 141 ,0,0,1,0.2,2# 42 , 43
42) 80 , 142 ,0,0,1,0.2,2# 43 , 44
43) 80 , 143 ,0,0,1,0.2,2# 44 , 45
44) 80 , 144 ,0,0,1,0.2,2# 45 , 46
45) 80 , 145 ,0,0,1,0.2,2# 46 , 47
46) 80 , 146 ,0,0,1,0.2,2# 47 , 48
47) 80 , 147 ,0,0,1,0.2,2# 48 , 49
48) 80 , 148 ,0,0,1,0.2,2# 49 , 50
49) 80 , 149 ,0,0,1,0.2,2# 50 , 51
50) 80 , 150 ,0,0,1,0.2,2# 51 , 52
51) 80 , 151 ,0,0,1,0.2,2# 52 , 53
52) 80 , 152 ,0,0,1,0.2,2# 53 , 54
53) 80 , 153 ,0,0,1,0.2,2# 54 , 55
54) 80 , 154 ,0,0,1,0.2,2# 55 , 56
55) 80 , 155 ,0,0,1,0.2,2# 56 , 57
56) 80 , 156 ,0,0,1,0.2,2# 57 , 58
57) 80 , 157 ,0,0,1,0.2,2# 58 , 59
58) 80 , 158 ,0,0,1,0.2,2# 59 , 60
59) 80 , 159 ,0,0,1,0.2,2# 60 , 61
60) 80 , 160 ,0,0,1,0.2,2# 61 , 62
61) 80 , 161 ,0,0,1,0.2,2# 62 , 63
62) 80 , 162 ,0,0,1,0.2,2# 63 , 64
63) 80 , 163 ,0,0,1,0.2,2# 64 , 65
64) 80 , 164 ,0,0,1,0.2,2# 65 , 66
65) 80 , 165 ,0,0,1,0.2,2# 66 , 67
66) 80 , 166 ,0,0,1,0.2,2# 67 , 68
67) 80 , 167 ,0,0,1,0.2,2# 68 , 69
68) 80 , 168 ,0,0,1,0.2,2# 69 , 70
69) 80 , 169 ,0,0,1,0.2,2# 70 , 71
70) 80 , 170 ,0,0,1,0.2,2# 71 , 72
71) 80 , 171 ,0,0,1,0.2,2# 72 , 73
72) 80 , 172 ,0,0,1,0.2,2# 73 , 74
73) 80 , 173 ,0,0,1,0.2,2# 74 , 75
74) 80 , 174 ,0,0,1,0.2,2# 75 , 76
75) 80 , 175 ,0,0,1,0.2,2# 76 , 77
76) 80 , 176 ,0,0,1,0.2,2# 77 , 78
77) 80 , 177 ,0,0,1,0.2,2# 78 , 79
78) 80 , 178 ,0,0,1,0.2,2# 79 , 80
79) 80 , 179 ,0,0,1,0.2,2# 80 , 81
80) 80 , 180 ,0,0,1,0.2,2# 81 , 82
81) 80 , 181 ,0,0,1,0.2,2# 82 , 83
82) 80 , 182 ,0,0,1,0.2,2# 83 , 84
83) 80 , 183 ,0,0,1,0.2,2# 84 , 85
84) 80 , 184 ,0,0,1,0.2,2# 85 , 86
85) 80 , 185 ,0,0,1,0.2,2# 86 , 87
86) 80 , 186 ,0,0,1,0.2,2# 87 , 88
87) 80 , 187 ,0,0,1,0.2,2# 88 , 89
88) 80 , 188 ,0,0,1,0.2,2# 89 , 90
89) 80 , 189 ,0,0,1,0.2,2# 90 , 91
90) 80 , 190 ,0,0,1,0.2,2# 91 , 92
91) 80 , 191 ,0,0,1,0.2,2# 92 , 93
92) 80 , 192 ,0,0,1,0.2,2# 93 , 94
93) 80 , 193 ,0,0,1,0.2,2# 94 , 95
94) 80 , 194 ,0,0,1,0.2,2# 95 , 96
95) 80 , 195 ,0,0,1,0.2,2# 96 , 97
96) 80 , 196 ,0,0,1,0.2,2# 97 , 98
97) 80 , 197 ,0,0,1,0.2,2# 98 , 99
98) 80 , 198 ,0,0,1,0.2,1# 99 , 100
99) 80 , 199 ,0,0,1,0.2,0# 100 , 101
0
0) 150.0 , 50.0 ,0,0,1,0.2,2# 1 , 2
1) 153.0 , 50.0 ,0,0,1,0.2,2# 2 , 3
2) 156.0 , 51.0 ,0,0,1,0.2,2# 3 , 4
3) 159.0 , 51.0 ,0,0,1,0.2,2# 4 , 5
4) 162.0 , 52.0 ,0,0,1,0.2,2# 5 , 6
5) 165.0 , 53.0 ,0,0,1,0.2,2# 6 , 7
6) 168.0 , 53.0 ,0,0,1,0.2,2# 7 , 8
7) 171.0 , 54.0 ,0,0,1,0.2,2# 8 , 9
8) 174.0 , 55.0 ,0,0,1,0.2,2# 9 , 10
9) 176.0 , 55.0 ,0,0,1,0.2,2# 10 , 11
10) 179.0 , 56.0 ,0,0,1,0.2,2# 11 , 12
11) 182.0 , 56.0 ,0,0,1,0.2,2# 12 , 13
12) 184.0 , 57.0 ,0,0,1,0.2,2# 13 , 14
13) 186.0 , 58.0 ,0,0,1,0.2,2# 14 , 15
14) 188.0 , 58.0 ,0,0,1,0.2,2# 15 , 16
15) 190.0 , 59.0 ,0,0,1,0.2,2# 16 , 17
16) 192.0 , 60.0 ,0,0,1,0.2,2# 17 , 18
17) 193.0 , 60.0 ,0,0,1,0.2,2# 18 , 19
18) 195.0 , 61.0 ,0,0,1,0.2,2# 19 , 20
19) 196.0 , 61.0 ,0,0,1,0.2,2# 20 , 21
20) 197.0 , 62.0 ,0,0,1,0.2,2# 21 , 22
21) 198.0 , 63.0 ,0,0,1,0.2,2# 22 , 23
22) 199.0 , 63.0 ,0,0,1,0.2,2# 23 , 24
23) 199.0 , 64.0 ,0,0,1,0.2,2# 24 , 25
24) 199.0 , 65.0 ,0,0,1,0.2,2# 25 , 26
25) 199.0 , 65.0 ,0,0,1,0.2,2# 26 , 27
26) 199.0 , 66.0 ,0,0,1,0.2,2# 27 , 28
27) 199.0 , 67.0 ,0,0,1,0.2,2# 28 , 29
28) 199.0 , 67.0 ,0,0,1,0.2,2# 29 , 30
29) 198.0 , 68.0 ,0,0,1,0.2,2# 30 , 31
30) 197.0 , 68.0 ,0,0,1,0.2,2# 31 , 32
31) 196.0 , 69.0 ,0,0,1,0.2,2# 32 , 33
32) 195.0 , 70.0 ,0,0,1,0.2,2# 33 , 34
33) 193.0 , 70.0 ,0,0,1,0.2,2# 34 , 35
34) 191.0 , 71.0 ,0,0,1,0.2,2# 35 , 36
35) 190.0 , 72.0 ,0,0,1,0.2,2# 36 , 37
36) 188.0 , 72.0 ,0,0,1,0.2,2# 37 , 38
37) 186.0 , 73.0 ,0,0,1,0.2,2# 38 , 39
38) 183.0 , 73.0 ,0,0,1,0.2,2# 39 , 40
39) 181.0 , 74.0 ,0,0,1,0.2,2# 40 , 41
40) 178.0 , 75.0 ,0,0,1,0.2,2# 41 , 42
41) 176.0 , 75.0 ,0,0,1,0.2,2# 42 , 43
42) 173.0 , 76.0 ,0,0,1,0.2,2# 43 , 44
43) 170.0 , 77.0 ,0,0,1,0.2,2# 44 , 45
44) 167.0 , 77.0 ,0,0,1,0.2,2# 45 , 46
45) 164.0 , 78.0 ,0,0,1,0.2,2# 46 , 47
46) 161.0 , 79.0 ,0,0,1,0.2,2# 47 , 48
47) 158.0 , 79.0 ,0,0,1,0.2,2# 48 , 49
48) 155.0 , 80.0 ,0,0,1,0.2,2# 49 , 50
49) 152.0 , 80.0 ,0,0,1,0.2,2# 50 , 51
50) 149.0 , 81.0 ,0,0,1,0.2,2# 51 , 52
51) 146.0 , 82.0 ,0,0,1,0.2,2# 52 , 53
52) 142.0 , 82.0 ,0,0,1,0.2,2# 53 , 54
53) 139.0 , 83.0 ,0,0,1,0.2,2# 54 , 55
54) 136.0 , 84.0 ,0,0,1,0.2,2# 55 , 56
55) 133.0 , 84.0 ,0,0,1,0.2,2# 56 , 57
56) 130.0 , 85.0 ,0,0,1,0.2,2# 57 , 58
57) 127.0 , 85.0 ,0,0,1,0.2,2# 58 , 59
58) 125.0 , 86.0 ,0,0,1,0.2,2# 59 , 60
59) 122.0 , 87.0 ,0,0,1,0.2,2# 60 , 61
60) 119.0 , 87.0 ,0,0,1,0.2,2# 61 , 62
61) 117.0 , 88.0 ,0,0,1,0.2,2# 62 , 63
62) 115.0 , 89.0 ,0,0,1,0.2,2# 63 , 64
63) 112.0 , 89.0 ,0,0,1,0.2,2# 64 , 65
64) 110.0 , 90.0 ,0,0,1,0.2,2# 65 , 66
65) 108.0 , 91.0 ,0,0,1,0.2,2# 66 , 67
66) 107.0 , 91.0 ,0,0,1,0.2,2# 67 , 68
67) 105.0 , 92.0 ,0,0,1,0.2,2# 68 , 69
68) 104.0 , 92.0 ,0,0,1,0.2,2# 69 , 70
69) 103.0 , 93.0 ,0,0,1,0.2,2# 70 , 71
70) 102.0 , 94.0 ,0,0,1,0.2,2# 71 , 72
71) 101.0 , 94.0 ,0,0,1,0.2,2# 72 , 73
72) 100.0 , 95.0 ,0,0,1,0.2,2# 73 , 74
73) 100.0 , 96.0 ,0,0,1,0.2,2# 74 , 75
74) 100.0 , 96.0 ,0,0,1,0.2,2# 75 , 76
75) 100.0 , 97.0 ,0,0,1,0.2,2# 76 , 77
76) 100.0 , 97.0 ,0,0,1,0.2,2# 77 , 78
77) 100.0 , 98.0 ,0,0,1,0.2,2# 78 , 79
78) 101.0 , 99.0 ,0,0,1,0.2,2# 79 , 80
79) 101.0 , 99.0 ,0,0,1,0.2,2# 80 , 81
80) 102.0 , 100.0 ,0,0,1,0.2,2# 81 , 82
81) 103.0 , 101.0 ,0,0,1,0.2,2# 82 , 83
82) 105.0 , 101.0 ,0,0,1,0.2,2# 83 , 84
83) 106.0 , 102.0 ,0,0,1,0.2,2# 84 , 85
84) 108.0 , 103.0 ,0,0,1,0.2,2# 85 , 86
85) 110.0 , 103.0 ,0,0,1,0.2,2# 86 , 87
86) 112.0 , 104.0 ,0,0,1,0.2,2# 87 , 88
87) 114.0 , 104.0 ,0,0,1,0.2,2# 88 , 89
88) 116.0 , 105.0 ,0,0,1,0.2,2# 89 , 90
89) 119.0 , 106.0 ,0,0,1,0.2,2# 90 , 91
90) 121.0 , 106.0 ,0,0,1,0.2,2# 91 , 92
91) 124.0 , 107.0 ,0,0,1,0.2,2# 92 , 93
92) 127.0 , 108.0 ,0,0,1,0.2,2# 93 , 94
93) 130.0 , 108.0 ,0,0,1,0.2,2# 94 , 95
94) 132.0 , 109.0 ,0,0,1,0.2,2# 95 , 96
95) 135.0 , 109.0 ,0,0,1,0.2,2# 96 , 97
96) 139.0 , 110.0 ,0,0,1,0.2,2# 97 , 98
97) 142.0 , 111.0 ,0,0,1,0.2,2# 98 , 99
98) 145.0 , 111.0 ,0,0,1,0.2,1# 99 , 100
99) 148.0 , 112.0 ,0,0,1,0.2,0# 100 , 101
0
10, 50

0) 150.0 , 50.0 ,0,0,1,0.2,1# 1
1) 153.0 , 50.0 ,0,0,1,0.2,1# 2
2) 156.0 , 51.0 ,0,0,1,0.2,1# 3
3) 159.0 , 51.0 ,0,0,1,0.2,1# 4
4) 162.0 , 52.0 ,0,0,1,0.2,1# 5
5) 165.0 , 53.0 ,0,0,1,0.2,1# 6
6) 168.0 , 53.0 ,0,0,1,0.2,1# 7
7) 171.0 , 54.0 ,0,0,1,0.2,1# 8
8) 174.0 , 55.0 ,0,0,1,0.2,1# 9
9) 176.0 , 55.0 ,0,0,1,0.2,1# 10
10) 179.0 , 56.0 ,0,0,1,0.2,1# 11
11) 182.0 , 56.0 ,0,0,1,0.2,1# 12
12) 184.0 , 57.0 ,0,0,1,0.2,1# 13
13) 186.0 , 58.0 ,0,0,1,0.2,1# 14
14) 188.0 , 58.0 ,0,0,1,0.2,1# 15
15) 190.0 , 59.0 ,0,0,1,0.2,1# 16
16) 192.0 , 60.0 ,0,0,1,0.2,1# 17
17) 193.0 , 60.0 ,0,0,1,0.2,1# 18
18) 195.0 , 61.0 ,0,0,1,0.2,1# 19
19) 196.0 , 61.0 ,0,0,1,0.2,1# 20
20) 197.0 , 62.0 ,0,0,1,0.2,1# 21
21) 198.0 , 63.0 ,0,0,1,0.2,1# 22
22) 199.0 , 63.0 ,0,0,1,0.2,1# 23
23) 199.0 , 64.0 ,0,0,1,0.2,1# 24
24) 199.0 , 65.0 ,0,0,1,0.2,1# 25
25) 199.0 , 65.0 ,0,0,1,0.2,1# 26
26) 199.0 , 66.0 ,0,0,1,0.2,1# 27
27) 199.0 , 67.0 ,0,0,1,0.2,1# 28
28) 199.0 , 67.0 ,0,0,1,0.2,1# 29
29) 198.0 , 68.0 ,0,0,1,0.2,1# 30
30) 197.0 , 68.0 ,0,0,1,0.2,1# 31
31) 196.0 , 69.0 ,0,0,1,0.2,1# 32
32) 195.0 , 70.0 ,0,0,1,0.2,1# 33
33) 193.0 , 70.0 ,0,0,1,0.2,1# 34
34) 191.0 , 71.0 ,0,0,1,0.2,1# 35
35) 190.0 , 72.0 ,0,0,1,0.2,1# 36
36) 188.0 , 72.0 ,0,0,1,0.2,1# 37
37) 186.0 , 73.0 ,0,0,1,0.2,1# 38
38) 183.0 , 73.0 ,0,0,1,0.2,1# 39
39) 181.0 , 74.0 ,0,0,1,0.2,1# 40
40) 178.0 , 75.0 ,0,0,1,0.2,1# 41
41) 176.0 , 75.0 ,0,0,1,0.2,1# 42
42) 173.0 , 76.0 ,0,0,1,0.2,1# 43
43) 170.0 , 77.0 ,0,0,1,0.2,1# 44
44) 167.0 , 77.0 ,0,0,1,0.2,1# 45
45) 164.0 , 78.0 ,0,0,1,0.2,1# 46
46) 161.0 , 79.0 ,0,0,1,0.2,1# 47
47) 158.0 , 79.0 ,0,0,1,0.2,1# 48
48) 155.0 , 80.0 ,0,0,1,0.2,1# 49
49) 152.0 , 80.0 ,0,0,1,0.2,1# 50
50) 149.0 , 81.0 ,0,0,1,0.2,1# 51
51) 146.0 , 82.0 ,0,0,1,0.2,1# 52
52) 142.0 , 82.0 ,0,0,1,0.2,1# 53
53) 139.0 , 83.0 ,0,0,1,0.2,1# 54
54) 136.0 , 84.0 ,0,0,1,0.2,1# 55
55) 133.0 , 84.0 ,0,0,1,0.2,1# 56
56) 130.0 , 85.0 ,0,0,1,0.2,1# 57
57) 127.0 , 85.0 ,0,0,1,0.2,1# 58
58) 125.0 , 86.0 ,0,0,1,0.2,1# 59
59) 122.0 , 87.0 ,0,0,1,0.2,1# 60
60) 119.0 , 87.0 ,0,0,1,0.2,1# 61
61) 117.0 , 88.0 ,0,0,1,0.2,1# 62
62) 115.0 , 89.0 ,0,0,1,0.2,1# 63
63) 112.0 , 89.0 ,0,0,1,0.2,1# 64
64) 110.0 , 90.0 ,0,0,1,0.2,1# 65
65) 108.0 , 91.0 ,0,0,1,0.2,1# 66
66) 107.0 , 91.0 ,0,0,1,0.2,1# 67
67) 105.0 , 92.0 ,0,0,1,0.2,1# 68
68) 104.0 , 92.0 ,0,0,1,0.2,1# 69
69) 103.0 , 93.0 ,0,0,1,0.2,1# 70
70) 102.0 , 94.0 ,0,0,1,0.2,1# 71
71) 101.0 , 94.0 ,0,0,1,0.2,1# 72
72) 100.0 , 95.0 ,0,0,1,0.2,1# 73
73) 100.0 , 96.0 ,0,0,1,0.2,1# 74
74) 100.0 , 96.0 ,0,0,1,0.2,1# 75
75) 100.0 , 97.0 ,0,0,1,0.2,1# 76
76) 100.0 , 97.0 ,0,0,1,0.2,1# 77
77) 100.0 , 98.0 ,0,0,1,0.2,1# 78
78) 101.0 , 99.0 ,0,0,1,0.2,1# 79
79) 101.0 , 99.0 ,0,0,1,0.2,1# 80
80) 102.0 , 100.0 ,0,0,1,0.2,1# 81
81) 103.0 , 101.0 ,0,0,1,0.2,1# 82
82) 105.0 , 101.0 ,0,0,1,0.2,1# 83
83) 106.0 , 102.0 ,0,0,1,0.2,1# 84
84) 108.0 , 103.0 ,0,0,1,0.2,1# 85
85) 110.0 , 103.0 ,0,0,1,0.2,1# 86
86) 112.0 , 104.0 ,0,0,1,0.2,1# 87
87) 114.0 , 104.0 ,0,0,1,0.2,1# 88
88) 116.0 , 105.0 ,0,0,1,0.2,1# 89
89) 119.0 , 106.0 ,0,0,1,0.2,1# 90
90) 121.0 , 106.0 ,0,0,1,0.2,1# 91
91) 124.0 , 107.0 ,0,0,1,0.2,1# 92
92) 127.0 , 108.0 ,0,0,1,0.2,1# 93
93) 130.0 , 108.0 ,0,0,1,0.2,1# 94
94) 132.0 , 109.0 ,0,0,1,0.2,1# 95
95) 135.0 , 109.0 ,0,0,1,0.2,1# 96
96) 139.0 , 110.0 ,0,0,1,0.2,1# 97
97) 142.0 , 111.0 ,0,0,1,0.2,1# 98
98) 145.0 , 111.0 ,0,0,1,0.2,1# 99
99) 148.0 , 112.0 ,0,0,1,0.2,0# 100
0


100) 151.0 , 113.0 ,0,0,1,0.2,1# 101
101) 154.0 , 113.0 ,0,0,1,0.2,1# 102
102) 157.0 , 114.0 ,0,0,1,0.2,1# 103
103) 160.0 , 115.0 ,0,0,1,0.2,1# 104
104) 164.0 , 115.0 ,0,0,1,0.2,1# 105
105) 167.0 , 116.0 ,0,0,1,0.2,1# 106
106) 169.0 , 116.0 ,0,0,1,0.2,1# 107
107) 172.0 , 117.0 ,0,0,1,0.2,1# 108
108) 175.0 , 118.0 ,0,0,1,0.2,1# 109
109) 178.0 , 118.0 ,0,0,1,0.2,1# 110
110) 180.0 , 119.0 ,0,0,1,0.2,1# 111
111) 183.0 , 120.0 ,0,0,1,0.2,1# 112
112) 185.0 , 120.0 ,0,0,1,0.2,1# 113
113) 187.0 , 121.0 ,0,0,1,0.2,1# 114
114) 189.0 , 121.0 ,0,0,1,0.2,1# 115
115) 191.0 , 122.0 ,0,0,1,0.2,1# 116
116) 193.0 , 123.0 ,0,0,1,0.2,1# 117
117) 194.0 , 123.0 ,0,0,1,0.2,1# 118
118) 196.0 , 124.0 ,0,0,1,0.2,1# 119
119) 197.0 , 125.0 ,0,0,1,0.2,1# 120
120) 198.0 , 125.0 ,0,0,1,0.2,1# 121
121) 198.0 , 126.0 ,0,0,1,0.2,1# 122
122) 199.0 , 127.0 ,0,0,1,0.2,1# 123
123) 199.0 , 127.0 ,0,0,1,0.2,1# 124
124) 199.0 , 128.0 ,0,0,1,0.2,1# 125
125) 199.0 , 128.0 ,0,0,1,0.2,1# 126
126) 199.0 , 129.0 ,0,0,1,0.2,1# 127
127) 199.0 , 130.0 ,0,0,1,0.2,1# 128
128) 198.0 , 130.0 ,0,0,1,0.2,1# 129
129) 197.0 , 131.0 ,0,0,1,0.2,1# 130
130) 196.0 , 132.0 ,0,0,1,0.2,1# 131
131) 195.0 , 132.0 ,0,0,1,0.2,1# 132
132) 194.0 , 133.0 ,0,0,1,0.2,1# 133
133) 192.0 , 133.0 ,0,0,1,0.2,1# 134
134) 191.0 , 134.0 ,0,0,1,0.2,1# 135
135) 189.0 , 135.0 ,0,0,1,0.2,1# 136
136) 187.0 , 135.0 ,0,0,1,0.2,1# 137
137) 184.0 , 136.0 ,0,0,1,0.2,1# 138
138) 182.0 , 137.0 ,0,0,1,0.2,1# 139
139) 180.0 , 137.0 ,0,0,1,0.2,1# 140
140) 177.0 , 138.0 ,0,0,1,0.2,1# 141
141) 174.0 , 139.0 ,0,0,1,0.2,1# 142
142) 172.0 , 139.0 ,0,0,1,0.2,1# 143
143) 169.0 , 140.0 ,0,0,1,0.2,1# 144
144) 166.0 , 140.0 ,0,0,1,0.2,1# 145
145) 163.0 , 141.0 ,0,0,1,0.2,1# 146
146) 160.0 , 142.0 ,0,0,1,0.2,1# 147
147) 157.0 , 142.0 ,0,0,1,0.2,1# 148
148) 153.0 , 143.0 ,0,0,1,0.2,1# 149
149) 150.0 , 144.0 ,0,0,1,0.2,1# 150
150) 147.0 , 144.0 ,0,0,1,0.2,1# 151
151) 144.0 , 145.0 ,0,0,1,0.2,1# 152
152) 141.0 , 145.0 ,0,0,1,0.2,1# 153
153) 138.0 , 146.0 ,0,0,1,0.2,1# 154
154) 135.0 , 147.0 ,0,0,1,0.2,1# 155
155) 132.0 , 147.0 ,0,0,1,0.2,1# 156
156) 129.0 , 148.0 ,0,0,1,0.2,1# 157
157) 126.0 , 149.0 ,0,0,1,0.2,1# 158
158) 123.0 , 149.0 ,0,0,1,0.2,1# 159
159) 121.0 , 150.0 ,0,0,1,0.2,1# 160
160) 118.0 , 151.0 ,0,0,1,0.2,1# 161
161) 116.0 , 151.0 ,0,0,1,0.2,1# 162
162) 113.0 , 152.0 ,0,0,1,0.2,1# 163
163) 111.0 , 152.0 ,0,0,1,0.2,1# 164
164) 109.0 , 153.0 ,0,0,1,0.2,1# 165
165) 108.0 , 154.0 ,0,0,1,0.2,1# 166
166) 106.0 , 154.0 ,0,0,1,0.2,1# 167
167) 104.0 , 155.0 ,0,0,1,0.2,1# 168
168) 103.0 , 156.0 ,0,0,1,0.2,1# 169
169) 102.0 , 156.0 ,0,0,1,0.2,1# 170
170) 101.0 , 157.0 ,0,0,1,0.2,1# 171
171) 100.0 , 157.0 ,0,0,1,0.2,1# 172
172) 100.0 , 158.0 ,0,0,1,0.2,1# 173
173) 100.0 , 159.0 ,0,0,1,0.2,1# 174
174) 100.0 , 159.0 ,0,0,1,0.2,1# 175
175) 100.0 , 160.0 ,0,0,1,0.2,1# 176
176) 100.0 , 161.0 ,0,0,1,0.2,1# 177
177) 100.0 , 161.0 ,0,0,1,0.2,1# 178
178) 101.0 , 162.0 ,0,0,1,0.2,1# 179
179) 102.0 , 163.0 ,0,0,1,0.2,1# 180
180) 103.0 , 163.0 ,0,0,1,0.2,1# 181
181) 104.0 , 164.0 ,0,0,1,0.2,1# 182
182) 106.0 , 164.0 ,0,0,1,0.2,1# 183
183) 107.0 , 165.0 ,0,0,1,0.2,1# 184
184) 109.0 , 166.0 ,0,0,1,0.2,1# 185
185) 111.0 , 166.0 ,0,0,1,0.2,1# 186
186) 113.0 , 167.0 ,0,0,1,0.2,1# 187
187) 115.0 , 168.0 ,0,0,1,0.2,1# 188
188) 117.0 , 168.0 ,0,0,1,0.2,1# 189
189) 120.0 , 169.0 ,0,0,1,0.2,1# 190
190) 123.0 , 169.0 ,0,0,1,0.2,1# 191
191) 125.0 , 170.0 ,0,0,1,0.2,1# 192
192) 128.0 , 171.0 ,0,0,1,0.2,1# 193
193) 131.0 , 171.0 ,0,0,1,0.2,1# 194
194) 134.0 , 172.0 ,0,0,1,0.2,1# 195
195) 137.0 , 173.0 ,0,0,1,0.2,1# 196
196) 140.0 , 173.0 ,0,0,1,0.2,1# 197
197) 143.0 , 174.0 ,0,0,1,0.2,1# 198
198) 146.0 , 175.0 ,0,0,1,0.2,1# 199
199) 149.0 , 175.0 ,0,0,1,0.2,0# 200
0
10,30
30,55