0: x, 1: y, 2: v_x, 3: v_y, 4: mass, 5: fraction, 6: N, 7-_:n_1,...,n_N
4
0) 80, 30, 0, 0, 100, 0.5, 3 # 1, 3,2
1) 120,30 , 0, 0, 10, 0.5, 2 # 0, 2,3
2) 120, 80, 0, 0, 10, 0.5, 3 # 3 , 1,0,4
3) 80, 80, 0, 0, 100, 0.5, 2 # 0 ,2,4


4) 90, 80, 0, 0, 10, 0.5, 3 # 3 ,2, 5
5) 70, 75, 0, 0, 10, 0.5, 1 # 4

0) 80, 80, 0, 0, 10, 0.5, 1 # 1, 2,3
1) 120,80 , 0, 0, 10, 0.5, 1 # 2, 2,3
2) 80, 50, 0, 0, 10, 0.5, 1 # 3 , 1,3
3) 88, 100, 0, 0, 10, 0.5, 0 # 0 ,1,2

4) 110, 70, 0, 0, 10, 0.5, 3 # 3, 15 # 5 , 10 # 2, 18.027#
5) 100, 70, 0, 0, 10, 0.5, 4 # 6, 10 # 4, 10 # 2, 15 # 1, 18.027#
6) 90, 70, 0, 0, 10, 0.5, 4 # 5, 10 # 7, 10 # 1 , 15 # 0, 18.027#
7) 80, 70, 0, 0, 10, 0.5, 3 # 0, 15 # 6 , 10 # 1, 18.027#

0) 80, 80, 0, 0, 10, 0.5, 2 # 1, 2
1) 120,80 , 0, 0, 10, 0.5, 2 # 0, 2
2) 80, 50, 0, 0, 10, 0.5, 2 # 0 , 1
3) 88, 74, 0, 0, 10, 0.5, 3 # 0 ,1,2

0) 80, 80, 0, 0, 10, 0.5, 3 # 1, 2,3
1) 120,80 , 0, 0, 10, 0.5, 3 # 0, 2,3
2) 80, 50, 0, 0, 10, 0.5, 3 # 0 , 1,3
3) 88, 100, 0, 0, 10, 0.5, 3 # 0 ,1,2